804 674 728 894 683 523 270 754 226 771 540 297 45 73 215 522 757 552 737 795 327 77 667 320 27 728 753 789 10 392 203 273 530 826 297 21 736 316 21 914 712 717 760 527 526 927 748 453 289 868 954 736 358 770 790 523 322 106 132 668 674 430 664 55 73 868 28 88 217 264 629 54 281 161 323 87 640 314 857 526 54 130 136 543 864 385 823 819 36 45 14 239 226 533 485 98 490 227 554 427
459 98 514 998 816 875 73 169 460 952 44 874 709 198 280 890 318 659 981 113 723 436 776 400 785 310 206 633 112 309 887 780 653 252 679 727 191 342 450 591 663 686 850 115 534 469 211 43 47 564 382 212 21 53 271 839 369 165 132 957 447 323 50 723 981 585 462 621 172 752 193 905 41 603 381 95 902 752 265 308 621 125 387 12 5 887 651 520 233 952 80 820 974 30 638 392 796 634 8 899
759 76 316 430 427 680 406 560 602 113 685 460 933 258 32 74 71 268 296 928 593 58 312 149 567 776 686 256 423 932 597 274 779 28 767 433 922 369 80 369 860 221 534 394 636 592 769 719 916 948 94 650 459 303 691 426 816 626 235 44 842 409 49 556 94 923 312 638 57 562 940 325 720 435 62 640 945 556 866 606 902 887 62 83 59 18 465 74 337 496 15 107 834 760 274 230 430 9 944 392
706 601 872 370 665 433 284 351 470 989 889 141 293 468 847 61 678 782 842 410 32 203 327 462 712 678 3 196 506 155 959 547 725 513 981 887 157 426 892 171 261 781 601 985 846 921 386 418 542 527 871 571 164 437 933 518 546 115 13 879 196 886 722 189 253 977 52 741 695 735 940 584 648 171 895 434 859 186 777 888 210 617 434 74 628 453 681 266 891 561 112 519 999 419 516 148 419 469 229 813
991 121 92 579 579 833 377 31 443 247 460 865 485 563 856 32 945 497 932 872 923 794 702 608 373 716 177 453 927 463 100 187 660 443 782 286 932 524 993 754 622 196 157 823 471 630 366 173 596 513 904 492 705 61 153 780 257 320 33 964 179 61 356 918 818 512 685 145 230 709 899 253 874 446 368 870 130 785 50 720 729 316 544 312 251 905 535 326 590 484 998 626 737 604 732 599 375 850 369 533
702 719 551 926 13 509 207 846 400 751 683 816 282 920 50 644 616 613 581 299 762 41 841 997 423 182 572 583 837 371 286 247 740 601 18 145 335 206 853 867 694 243 739 16 122 411 393 515 401 924 426 215 509 703 770 552 962 746 377 834 28 382 151 953 49 483 713 351 575 210 293 14 812 203 349 238 684 547 485 487 118 112 473 617 782 660 893 818 318 100 837 768 347 681 506 629 899 214 312 568
447 217 904 941 4 664 204 559 954 732 210 748 372 664 795 440 215 857 775 235 821 478 267 391 340 681 198 177 306 183 194 96 430 641 814 323 967 961 103 95 172 255 356 130 924 247 314 82 489 574 465 628 520 667 447 266 889 172 469 632 138 815 102 143 821 97 105 21 205 569 663 650 96 876 747 745 746 394 938 374 898 467 479 885 11 442 415 802 712 410 160 485 742 809 36 456 256 939 92 928
110 731 591 788 983 128 85 475 520 890 561 464 369 178 497 423 943 946 288 411 889 760 723 822 251 873 271 268 50 104 987 425 728 582 495 393 256 98 52 163 875 108 8 773 497 656 177 509 333 307 951 842 131 292 480 462 852 637 595 550 982 17 271 956 314 486 793 762 277 169 48 78 67 955 389 983 461 962 54 759 362 491 906 535 272 228 677 871 164 36 76 358 980 444 650 982 223 395 712 788
710 370 265 765 722 952 859 28 226 632 971 352 272 928 660 747 781 392 280 360 507 441 794 206 612 324 965 87 33 678 669 602 194 259 482 623 123 774 76 37 553 881 74 707 883 324 332 78 524 966 101 823 755 35 602 920 98 365 374 837 556 606 530 112 447 26 835 211 21 866 587 181 649 511 897 38 663 792 239 983 176 469 236 1 906 396 740 691 831 311 527 564 727 900 936 938 426 126 531 170
622 846 717 398 569 923 541 820 234 148 445 760 233 582 274 193 647 996 454 180 818 233 136 553 48 358 51 168 922 469 517 487 64 909 847 128 723 319 119 488 579 663 329 96 771 458 7 70 241 391 34 51 166 548 298 249 544 440 979 128 557 279 248 196 638 160 330 3 703 447 760 939 880 177 997 822 396 787 746 49 264 22 763 816 910 925 678 592 659 649 457 466 470 915 113 765 287 416 539 149
799 821 888 696 663 602 764 136 682 442 118 335 494 846 38 123 813 31 49 870 872 689 395 86 452 460 305 680 61 433 414 790 10 717 476 42 242 900 690 646 362 827 246 669 830 197 955 129 513 802 768 300 793 245 706 776 768 906 928 703 924 173 521 205 633 934 419 890 457 267 376 335 155 936 552 19 791 790 864 730 922 871 442 550 27 434 999 537 282 937 757 666 629 199 81 456 585 346 249 320
789 896 658 746 756 567 275 456 424 175 174 723 469 986 617 946 854 62 406 309 587 124 275 671 524 902 415 99 124 219 94 686 883 574 189 884 137 522 225 311 900 48 901 975 996 227 886 927 891 290 557 699 580 96 344 501 469 983 317 657 949 97 675 519 364 311 838 872 698 212 573 986 74 369 11 155 111 214 330 162 666 745 229 586 955 571 118 541 325 698 931 659 208 144 713 590 904 935 863 57
486 191 338 608 656 762 134 237 850 544 554 678 496 640 676 764 201 811 799 504 384 646 693 725 146 679 626 838 368 414 985 683 412 331 914 322 302 902 996 383 893 23 696 676 922 92 123 289 798 494 854 173 595 198 312 110 283 654 31 318 644 156 57 33 123 289 395 590 844 989 646 168 424 319 244 826 355 355 846 602 133 519 308 310 893 559 219 361 190 448 180 885 804 451 148 560 388 303 129 895
764 864 272 532 807 54 805 830 719 674 389 262 264 546 421 331 329 541 573 127 166 994 492 790 498 807 740 724 191 119 15 644 905 966 128 934 260 232 5 643 783 148 499 104 355 592 394 474 771 705 41 164 971 485 616 128 722 712 949 617 245 735 516 342 521 277 936 368 113 925 655 418 798 328 356 142 170 212 933 514 585 203 125 248 600 765 728 126 393 258 158 673 400 150 223 904 86 441 469 430
493 742 110 276 598 18 1000 159 987 320 819 310 668 444 238 863 586 755 17 94 515 431 716 943 808 107 447 780 694 611 145 945 395 106 939 334 971 647 593 49 64 465 170 481 658 555 944 793 923 606 521 957 973 934 553 370 518 846 197 906 43 973 356 835 838 350 981 877 330 680 328 649 289 960 865 342 586 919 892 397 472 221 985 93 606 836 755 651 356 792 583 711 987 785 81 433 648 292 68 991
127 424 151 647 575 221 107 672 279 597 748 272 185 888 152 532 131 328 105 760 817 558 585 354 179 902 362 744 778 433 522 903 335 975 182 795 723 620 762 457 947 329 238 518 387 620 223 253 927 363 989 923 979 344 53 528 876 348 627 207 265 185 229 950 631 777 747 242 92 190 927 290 619 441 593 706 398 470 902 820 321 90 794 164 615 162 78 797 879 53 776 96 600 797 490 947 972 120 225 294
339 222 858 424 445 986 339 247 744 264 47 687 645 967 276 850 84 724 336 632 716 358 343 581 998 972 742 847 41 329 77 686 63 824 637 61 423 5 905 587 405 420 754 992 677 261 368 559 429 887 808 561 473 662 811 615 841 275 399 937 596 833 155 188 661 859 96 798 74 243 586 744 792 369 693 655 400 699 487 928 189 577 650 575 34 902 756 787 394 10 694 994 202 123 877 153 474 763 449 678
781 485 473 808 913 896 284 930 546 472 803 621 69 850 423 168 112 251 710 158 563 19 828 76 613 504 780 583 270 240 983 900 750 888 229 692 842 904 518 482 80 716 632 129 613 356 90 86 13 842 191 876 72 120 642 253 195 579 962 89 159 756 896 506 217 660 653 100 823 615 717 58 90 695 67 969 790 1 339 143 366 9 475 382 618 886 850 513 235 228 638 143 328 851 690 264 309 542 134 930
773 337 211 953 588 405 82 669 975 300 416 440 619 946 6 306 303 233 910 41 20 801 113 981 345 597 810 578 799 824 892 296 165 336 68 114 850 372 175 822 56 494 220 630 709 438 116 678 337 964 614 35 90 105 668 614 919 208 541 22 286 813 334 301 562 98 203 397 787 199 939 451 49 170 831 88 497 949 480 354 899 465 824 241 40 20 35 208 139 159 208 614 883 175 912 170 164 951 699 942
945 614 538 452 589 721 846 373 191 127 988 708 190 89 853 485 6 884 571 470 628 620 124 547 271 562 503 905 369 982 903 750 39 367 999 300 104 60 62 307 657 435 813 660 39 401 784 747 500 98 964 67 251 922 252 587 162 249 264 174 778 566 263 357 341 581 302 213 264 784 777 100 387 450 785 335 656 541 642 328 222 992 164 830 581 757 563 938 593 501 66 253 631 538 151 385 913 788 824 140
337 566 275 480 426 262 342 543 653 520 383 748 479 535 839 154 402 178 870 85 332 821 19 359 175 944 40 791 728 1 972 71 923 78 336 68 333 897 506 926 367 264 520 836 410 717 935 919 851 743 812 860 697 710 797 688 719 550 331 510 688 897 905 968 962 89 264 413 348 699 414 344 409 211 410 633 331 500 666 572 656 331 478 628 668 267 717 790 197 112 748 779 991 636 927 831 482 143 519 756
499 227 500 651 991 113 999 161 498 386 997 735 63 551 528 668 707 92 830 222 767 412 136 334 923 528 996 951 577 995 849 41 368 727 718 5 842 728 742 694 272 311 122 738 249 417 569 961 841 775 259 292 612 1 135 670 813 181 382 403 975 871 169 115 161 375 546 166 827 205 607 127 402 899 309 790 223 904 961 84 378 3 270 623 261 83 727 212 591 411 129 465 382 233 909 442 185 536 404 639
418 87 898 917 527 861 47 996 595 69 956 451 943 607 837 967 589 909 981 991 683 913 902 511 540 100 808 290 555 53 762 672 395 919 131 888 884 650 498 774 811 50 624 986 973 7 332 243 838 297 915 61 428 755 809 432 389 245 60 730 825 475 964 458 799 764 801 742 349 753 640 961 869 590 898 85 221 685 620 577 123 88 636 587 400 876 953 242 888 636 795 319 666 874 507 982 726 845 1 129
837 616 857 908 236 509 167 774 194 122 773 57 207 307 913 338 311 460 664 680 681 244 238 224 217 884 986 383 863 195 925 55 86 396 226 656 450 919 258 314 569 614 339 615 600 684 909 633 498 891 303 476 531 540 142 13 376 393 181 484 604 693 310 329 761 195 728 236 928 689 485 172 673 965 820 779 596 273 377 838 102 63 361 825 205 478 859 102 706 325 744 161 380 708 935 385 753 624 106 252
87 76 222 271 319 966 314 722 565 165 417 364 268 755 711 526 785 426 317 65 951 613 433 171 175 871 644 441 235 375 672 492 883 313 420 422 608 876 558 883 39 755 429 279 553 9 801 412 195 6 605 940 874 473 388 660 569 36 60 542 214 948 679 342 978 982 972 881 817 155 616 621 311 777 647 326 559 919 877 198 531 934 156 272 322 604 712 639 745 298 186 587 742 96 241 993 32 931 385 23
251 656 952 992 546 178 264 722 171 828 67 50 917 974 18 540 372 449 69 811 379 531 135 263 95 817 657 911 767 152 477 32 427 748 841 312 235 499 689 694 786 982 545 307 485 852 885 26 816 14 646 386 491 888 559 351 69 74 434 273 223 740 179 314 12 551 89 957 119 483 850 118 929 213 223 138 126 121 266 208 711 489 219 806 21 590 94 905 478 755 407 498 174 765 890 309 506 463 971 992
693 518 836 199 64 330 555 341 907 49 487 799 856 906 433 151 673 220 145 11 617 38 641 656 474 385 810 759 231 604 928 888 799 902 161 136 244 998 931 534 353 971 857 996 721 77 897 578 729 354 439 622 544 366 227 687 345 324 502 378 72 734 530 74 138 762 660 342 72 940 819 1000 857 625 379 340 440 484 510 33 4 39 887 205 601 898 792 129 310 482 194 519 798 487 39 681 206 715 848 549
960 111 82 381 322 788 119 697 808 670 700 162 710 127 375 871 371 372 926 313 938 718 73 589 123 11 299 539 888 605 321 677 863 318 591 376 858 736 482 459 884 61 271 703 14 451 526 397 713 942 483 883 982 452 543 485 417 467 315 981 922 248 241 191 496 160 668 364 789 3 442 653 718 935 861 444 16 564 263 230 4 193 937 156 618 399 266 185 349 41 143 903 307 550 403 371 878 811 595 7
179 829 689 802 30 495 173 916 840 39 24 911 942 257 655 460 169 533 439 763 628 512 534 783 375 854 315 821 291 176 804 204 141 478 876 911 357 43 105 924 526 701 98 514 288 956 462 971 906 940 491 424 110 166 521 112 175 674 616 756 18 624 162 881 314 99 114 720 235 830 402 678 552 37 865 696 392 813 551 443 355 301 246 390 943 732 10 891 300 259 895 507 133 935 958 988 292 675 474 254
565 497 890 31 173 186 93 26 242 932 281 72 884 450 766 866 155 771 425 368 387 859 481 637 334 276 414 551 817 917 137 416 434 341 973 265 26 320 259 211 856 433 802 770 773 487 719 513 371 841 332 684 646 910 89 936 491 975 245 805 840 687 876 669 458 89 387 248 389 285 626 546 356 69 622 272 926 658 720 312 141 773 784 971 948 354 319 937 195 253 537 740 217 164 708 372 738 316 119 560
454 73 506 632 525 405 87 673 726 571 101 608 489 307 364 799 419 396 845 596 520 99 796 664 654 12 948 943 104 290 701 787 49 104 925 206 443 624 108 477 877 281 883 494 739 702 503 375 677 606 934 796 922 597 806 625 740 969 850 106 970 874 24 848 822 43 111 825 568 79 668 382 338 987 564 770 600 190 473 290 60 900 801 578 722 135 504 667 734 355 534 727 514 486 794 481 541 36 483 752
786 313 355 440 140 813 79 243 876 239 240 280 661 918 40 260 739 518 135 1000 367 908 111 345 279 311 64 907 212 761 915 298 317 56 851 233 68 594 40 505 106 914 474 914 248 904 124 280 736 463 456 484 255 7 360 463 418 411 76 224 394 581 249 544 490 844 246 36 848 773 976 690 469 796 547 27 630 876 182 77 299 411 927 563 759 738 508 619 40 592 263 604 154 704 391 561 42 214 335 550
250 999 32 244 954 868 270 700 283 420 361 668 605 933 535 843 149 600 75 592 360 654 920 470 214 515 683 111 699 16 635 869 813 286 114 486 682 912 114 267 547 171 52 6 748 733 481 707 861 839 305 163 177 522 515 69 38 98 100 28 302 540 176 23 666 904 233 147 569 944 64 745 391 440 871 544 992 233 290 637 390 635 136 766 122 572 459 201 3 889 609 71 530 358 241 283 647 149 276 184
233 810 81 52 180 475 455 322 215 942 975 519 814 414 802 883 739 238 35 872 924 763 292 282 405 60 808 229 12 908 255 352 579 545 874 85 963 960 881 829 286 37 716 599 336 556 513 445 50 416 653 813 588 873 875 915 457 518 546 513 830 119 883 8 744 141 196 126 492 967 648 534 548 17 970 250 979 744 594 602 591 865 846 649 263 131 77 785 541 700 744 960 339 262 180 967 365 752 691 49
698 196 435 483 989 323 976 90 16 811 748 675 906 694 22 824 463 782 282 226 579 698 109 250 8 726 885 60 783 986 94 244 319 437 593 3 546 823 296 646 903 226 149 203 594 578 671 946 692 878 413 144 138 959 255 631 134 236 329 112 24 224 491 12 118 658 28 97 757 176 894 584 589 416 611 983 641 992 536 441 810 58 859 421 190 746 362 558 862 191 311 863 491 9 377 774 861 432 795 329
754 178 369 546 980 19 83 574 678 742 367 150 895 852 545 387 942 713 96 175 761 128 270 620 767 416 506 130 535 622 455 143 113 927 361 873 761 709 667 962 664 67 182 303 334 807 279 302 121 192 981 753 605 175 668 839 385 39 875 11 248 995 958 283 322 990 663 466 153 56 262 696 876 717 866 352 231 748 181 373 283 837 792 317 393 369 948 945 863 682 324 673 617 703 662 165 358 837 940 410
362 298 435 438 516 127 248 490 183 20 874 833 568 105 578 968 746 655 24 152 263 213 896 873 188 449 35 828 397 632 153 953 193 115 715 451 541 985 969 709 97 273 663 306 574 161 270 330 588 42 846 276 658 128 293 993 343 379 810 720 716 934 538 310 837 344 644 934 370 195 200 351 579 185 627 267 623 21 879 922 501 141 905 198 981 133 861 903 252 697 867 103 327 972 554 149 677 547 416 103
629 265 305 201 964 632 609 764 417 337 124 245 961 659 810 703 44 243 517 131 82 952 442 185 407 765 468 537 617 774 295 491 676 712 307 323 994 763 482 545 223 945 982 669 136 372 32 228 772 87 74 121 922 636 367 312 708 746 691 394 134 850 741 813 450 911 400 768 638 648 326 136 468 425 729 747 597 120 653 963 432 978 282 650 632 66 559 730 77 77 201 376 201 891 307 98 402 286 637 701
975 889 704 357 88 605 853 351 238 994 184 458 839 739 899 301 499 587 276 228 230 551 772 189 604 461 714 415 939 429 641 370 632 798 59 336 890 647 930 722 118 986 875 305 601 302 950 417 619 938 771 224 90 137 612 849 631 572 513 349 590 117 163 245 121 537 639 465 274 937 893 812 248 992 994 801 649 956 700 436 242 441 947 167 99 773 115 122 14 127 126 238 997 397 275 48 286 938 923 107
902 355 929 152 102 33 695 269 404 546 247 591 488 221 19 318 922 885 3 585 514 33 395 838 742 675 611 288 602 758 332 214 695 743 640 434 255 752 996 606 912 479 327 626 801 332 192 475 355 26 808 414 349 964 830 324 751 84 765 173 105 611 453 915 723 278 152 396 699 737 106 62 107 665 538 856 398 160 980 401 753 184 557 295 788 737 176 385 436 499 645 316 434 416 776 984 726 237 935 994
798 453 949 395 556 584 165 171 826 578 852 25 623 957 604 798 109 457 108 183 710 242 100 98 922 68 372 626 799 323 973 425 811 297 185 783 442 535 661 72 777 477 183 845 747 530 59 696 897 621 520 564 239 613 436 253 669 292 938 751 775 291 123 241 470 210 455 628 45 696 741 423 907 601 2 577 178 517 765 376 587 526 428 777 55 166 398 45 876 717 183 793 307 175 165 410 644 114 752 234
58 552 465 130 838 342 746 466 927 132 206 761 743 635 744 332 544 368 263 426 300 348 861 155 989 348 581 122 900 888 697 25 191 645 974 82 249 102 533 660 740 124 547 208 146 412 310 299 136 367 781 662 339 480 721 563 142 23 396 579 299 399 247 139 302 674 720 194 848 992 895 211 209 260 829 871 995 356 660 419 297 322 233 675 294 743 72 968 209 312 414 91 130 128 796 145 349 956 603 919
242 429 844 2 953 300 104 848 615 439 26 57 813 754 38 606 280 900 590 584 454 995 444 192 711 410 918 365 42 289 825 323 909 447 332 399 145 259 613 964 770 898 487 902 60 380 717 749 986 11 228 165 563 393 483 621 490 32 793 759 696 116 825 471 931 514 460 576 587 389 327 756 779 931 994 383 639 148 499 21 207 782 523 190 185 239 915 545 284 945 681 370 265 780 42 297 757 356 110 324
642 169 757 577 159 183 170 35 751 613 303 56 899 180 717 690 874 589 534 723 325 441 531 331 572 404 184 252 747 174 754 849 442 512 687 837 105 458 525 1000 620 604 909 495 66 329 15 440 801 244 553 850 945 321 13 603 410 922 626 767 116 517 720 155 627 602 583 507 5 532 354 267 403 990 966 918 641 633 90 729 571 404 994 10 668 902 435 132 616 253 893 37 127 140 510 81 582 139 970 932
994 7 153 688 910 60 311 620 667 83 805 162 111 696 53 148 968 874 204 168 402 821 568 676 446 706 592 229 754 316 324 310 420 1 780 955 64 428 817 76 88 610 642 371 799 630 951 90 215 162 665 652 243 522 638 561 58 890 515 828 539 937 506 989 59 775 693 77 248 454 358 903 764 195 212 923 767 880 551 473 718 54 875 770 284 988 989 15 89 423 807 406 579 110 482 494 821 770 231 908
284 933 151 286 605 105 627 61 603 669 34 817 545 781 489 628 588 121 322 823 462 635 117 667 218 817 123 244 841 465 755 440 647 799 258 3 31 868 910 742 674 609 961 351 403 83 894 713 35 736 516 992 468 892 826 817 962 402 664 964 652 656 678 479 447 336 151 289 781 847 776 717 836 442 675 329 730 139 267 955 860 400 204 623 599 404 883 651 221 792 347 465 503 916 439 629 472 827 731 389
259 55 863 568 955 283 267 790 28 163 897 736 601 621 557 730 477 757 510 102 80 190 616 183 25 280 103 166 216 33 347 271 434 541 166 347 950 725 137 584 775 818 561 220 886 524 559 660 669 68 405 477 514 921 498 676 942 708 160 989 81 336 446 803 576 885 673 188 483 728 935 422 988 172 411 701 737 751 955 809 844 772 751 798 934 263 975 852 571 911 752 159 9 130 81 145 842 495 546 633
880 922 378 118 661 324 657 700 765 457 542 895 22 190 883 163 597 153 672 780 931 513 228 439 225 117 13 507 903 304 468 896 489 325 519 202 265 954 982 975 613 716 537 480 272 93 131 259 194 721 377 538 353 627 132 343 555 38 856 565 149 964 120 545 47 572 954 444 745 501 753 677 645 32 983 140 507 560 438 786 456 978 361 644 208 488 513 334 784 850 51 494 662 253 581 372 839 946 719 318
285 892 754 876 441 244 265 290 78 131 848 851 88 420 376 186 817 294 419 468 859 576 181 891 996 295 326 655 658 403 256 39 874 864 817 756 64 811 828 244 94 574 827 898 452 82 82 222 660 229 767 958 499 872 26 261 765 781 693 693 869 176 347 951 762 604 466 470 267 766 484 25 194 657 684 383 944 953 326 347 426 669 23 529 312 560 571 632 576 210 749 489 172 159 457 777 470 539 433 455
129 552 141 300 623 469 717 149 866 430 411 74 173 570 542 483 853 462 713 361 978 621 922 543 187 478 237 324 353 506 887 957 800 528 338 26 419 28 74 749 580 333 41 959 832 868 45 592 576 246 171 312 126 894 7 135 718 969 916 325 712 241 440 87 519 82 701 223 433 164 762 356 954 814 561 887 455 752 838 339 310 39 401 448 21 26 197 241 45 220 732 619 146 287 267 492 329 847 737 528
248 12 918 480 445 802 602 233 700 504 324 28 745 506 416 552 773 573 823 74 908 311 711 575 824 33 713 551 668 351 237 429 934 754 11 521 440 13 456 680 188 81 293 444 286 837 832 924 234 479 705 441 885 10 216 273 323 534 691 42 316 388 103 910 65 954 957 321 85 285 345 818 339 727 443 52 316 521 679 424 649 150 709 311 175 434 519 920 679 367 693 406 640 847 286 429 648 265 22 845
533 4 837 204 386 17 836 898 649 19 940 915 975 239 962 359 181 751 179 55 85 508 552 398 264 433 652 653 693 530 466 849 504 477 405 735 62 853 590 219 665 12 433 15 416 132 508 48 295 961 595 916 208 674 145 716 525 55 183 99 256 124 834 894 286 989 760 485 809 171 109 210 364 268 651 22 469 71 242 884 41 572 269 911 856 540 428 633 843 151 735 913 608 233 989 94 8 172 99 434
922 486 136 968 617 988 265 187 897 373 853 497 141 835 612 121 524 483 334 980 482 842 581 484 695 118 721 676 543 117 569 416 82 95 586 159 844 890 577 992 771 732 193 939 529 697 926 486 144 886 763 235 29 716 767 943 570 613 189 819 709 969 813 941 731 408 73 484 16 99 929 568 228 530 993 86 578 162 189 83 741 757 225 829 675 955 635 241 80 828 420 372 667 748 609 504 581 400 884 859
303 386 417 369 758 662 28 632 313 435 844 565 442 404 509 137 519 308 559 321 89 859 612 93 819 47 621 986 663 145 22 418 635 113 578 808 606 953 312 217 800 180 183 24 523 196 303 257 51 515 930 399 563 633 141 53 864 909 328 847 409 150 86 417 339 840 595 515 995 817 456 927 452 308 332 152 754 969 632 586 703 364 339 459 714 581 629 236 620 83 579 664 788 989 698 781 163 191 461 285
791 932 131 878 425 380 376 238 502 273 127 176 526 713 936 99 402 338 910 985 444 201 393 675 169 854 907 209 601 695 213 389 528 787 441 604 967 165 762 573 728 956 526 560 187 439 379 490 19 655 239 2 761 478 82 858 403 754 258 712 301 8 116 61 706 950 677 296 577 194 477 431 735 644 269 163 594 459 680 467 320 18 525 546 71 175 117 508 680 420 891 245 556 133 687 891 103 707 537 102
52 994 433 80 464 336 351 869 70 162 585 361 593 768 725 744 842 511 96 770 13 3 536 109 815 903 376 12 693 529 873 27 973 614 310 724 397 848 383 84 29 333 595 757 814 70 264 256 696 856 474 674 344 914 886 838 41 208 66 155 319 523 72 971 871 639 902 968 938 168 997 564 606 397 239 906 761 569 166 574 529 33 210 736 665 279 796 856 231 477 619 293 410 409 966 67 636 38 286 515
527 830 511 43 613 441 835 782 5 959 104 916 290 331 922 433 719 488 145 788 391 765 869 11 584 809 688 204 91 4 96 578 334 424 616 22 601 465 494 184 358 491 576 607 400 619 505 426 720 340 849 112 545 364 196 394 119 529 24 680 316 755 478 177 874 588 89 10 78 924 654 661 792 770 166 384 122 122 938 794 24 786 243 221 616 835 540 522 965 531 239 63 934 790 74 241 92 135 381 155
949 143 47 931 686 988 335 68 265 170 903 526 792 201 870 51 969 35 204 478 968 47 929 989 64 100 295 286 724 755 374 790 48 661 662 66 465 716 235 650 816 143 720 967 632 692 340 381 285 528 160 467 170 986 251 544 533 150 723 678 279 258 859 294 689 536 751 848 733 227 133 88 386 785 65 112 466 875 816 905 753 441 871 967 652 105 434 489 789 716 707 148 69 470 205 701 925 763 48 239
377 483 55 311 369 464 661 434 109 248 772 937 125 381 482 940 695 857 926 425 891 345 814 630 708 489 662 67 891 935 781 928 95 98 765 631 57 827 700 995 794 103 461 882 616 628 774 846 327 266 770 898 785 178 531 759 251 146 586 933 523 249 182 722 396 384 231 18 146 607 545 938 77 816 182 828 224 890 42 470 788 450 521 370 270 734 587 109 693 907 462 118 252 830 994 837 601 472 974 623
54 92 863 394 42 130 647 150 663 986 375 662 30 785 587 454 265 560 3 710 226 885 63 338 817 833 549 814 777 598 757 447 578 223 103 575 789 954 659 577 123 806 785 40 250 61 348 54 686 185 872 313 457 71 4 717 786 615 85 253 985 457 462 942 159 688 283 643 369 626 295 462 292 344 748 563 546 449 488 477 506 827 174 94 561 240 365 837 589 481 643 249 540 112 870 892 985 701 602 261
833 856 901 657 427 681 434 866 701 483 790 519 876 794 179 5 629 73 592 772 477 538 712 5 201 157 473 520 952 675 789 65 796 977 788 124 621 293 208 131 458 837 926 516 260 215 568 430 751 700 502 890 84 628 416 612 757 245 471 584 36 823 254 983 717 275 614 193 194 813 461 466 448 917 766 167 85 617 970 154 833 594 216 15 901 160 89 1000 478 864 867 103 854 52 851 48 718 995 781 657
68 667 904 699 500 260 841 310 158 185 412 140 184 174 618 485 379 835 618 553 190 717 81 337 156 713 626 91 398 441 59 494 486 105 350 872 992 268 271 348 769 89 370 52 678 641 642 986 556 729 808 401 117 659 651 929 153 247 454 464 960 312 800 53 225 869 363 822 405 834 810 847 459 268 21 258 226 789 83 590 435 645 244 852 534 871 971 949 715 347 455 142 141 542 387 209 194 375 88 178
938 763 424 561 12 150 724 167 543 566 972 546 248 865 811 608 525 752 887 328 406 227 218 650 834 458 592 996 310 941 45 912 591 106 606 795 114 449 306 338 326 525 452 717 566 209 22 16 150 123 633 360 26 980 74 1 852 429 558 126 290 882 77 177 528 689 807 656 507 755 597 239 17 52 708 995 567 585 427 937 488 35 69 877 368 42 667 673 872 439 955 99 133 45 985 244 221 88 984 341
503 412 484 801 738 555 379 195 348 508 475 617 320 174 544 23 117 129 526 141 963 780 791 84 529 111 471 655 957 40 399 560 421 252 899 674 458 788 959 568 382 926 1000 792 482 893 962 172 559 948 659 513 785 239 676 609 667 314 33 474 686 629 742 783 580 840 430 939 435 155 926 578 883 408 467 939 131 702 823 443 229 351 985 573 2 13 596 38 304 57 550 986 446 259 199 210 861 609 871 538
939 937 708 346 45 102 367 871 174 796 56 129 857 240 462 716 301 727 50 282 920 347 279 444 949 849 785 639 239 88 821 99 189 263 678 866 448 60 176 229 641 421 36 253 918 968 747 893 946 692 887 255 407 577 328 796 604 999 974 229 442 440 350 925 928 412 402 905 310 552 557 864 883 779 619 683 228 779 441 517 438 744 895 678 466 778 908 67 772 2 754 446 823 80 957 1 379 117 170 310
671 987 652 878 531 129 847 714 348 756 165 48 614 131 243 688 196 399 605 670 363 847 591 981 704 416 775 650 858 997 788 987 382 616 326 648 811 949 284 707 202 489 771 848 427 896 278 951 593 712 555 985 259 643 110 30 771 970 839 358 743 42 693 890 565 491 683 275 237 142 650 542 231 353 748 571 394 788 827 622 830 65 288 216 625 150 351 841 266 901 276 976 316 269 993 424 683 622 746 256
548 313 718 367 615 286 889 597 585 304 261 394 467 86 851 963 526 517 464 915 230 9 530 921 600 298 424 883 465 530 776 397 373 719 311 270 857 483 70 121 967 216 459 918 817 286 587 959 622 101 493 983 533 831 575 638 663 16 413 898 368 528 104 787 85 107 442 793 858 122 109 527 743 824 781 483 914 399 714 397 639 398 982 821 931 395 883 772 529 525 768 977 637 565 591 473 72 673 163 215
561 580 189 10 144 507 385 164 371 752 602 445 700 723 37 876 230 914 397 338 307 559 182 755 291 40 446 202 390 275 884 133 415 727 762 226 1000 858 639 589 591 653 527 669 308 410 73 49 34 630 208 4 283 762 937 366 671 530 589 971 390 589 564 98 341 19 479 62 18 576 641 27 800 442 302 826 213 428 202 533 120 609 684 840 524 446 154 789 164 606 761 30 341 121 830 844 363 82 595 69
642 501 926 853 97 658 25 228 465 88 387 896 234 428 793 824 492 37 433 144 8 521 539 537 20 144 824 326 214 203 935 362 443 398 772 674 405 202 662 367 371 232 60 337 998 438 662 970 309 570 723 224 878 932 58 765 480 45 878 597 27 108 9 107 627 959 797 213 997 497 844 692 324 939 981 643 410 262 127 994 496 975 280 246 730 482 402 987 338 621 299 772 1 781 364 392 472 145 893 217
503 806 452 583 350 229 989 715 200 714 561 643 771 235 375 786 838 902 580 589 423 685 489 529 454 486 504 895 170 540 696 964 323 279 114 58 529 956 771 708 996 284 174 435 988 991 577 504 545 6 656 337 856 287 448 385 224 878 872 624 796 858 849 223 327 854 449 268 645 466 214 501 270 934 259 854 683 350 358 653 67 92 487 934 472 903 628 948 497 967 894 926 859 570 9 744 375 772 560 260
822 753 888 560 964 298 664 29 794 543 990 455 866 808 857 779 664 965 853 860 119 497 80 466 564 462 992 414 392 783 161 924 413 658 420 854 963 325 139 395 271 882 286 218 392 224 468 613 870 424 513 956 610 915 821 112 181 769 890 790 938 954 117 758 194 136 926 935 656 925 393 683 899 838 975 105 706 437 586 283 535 761 772 525 117 213 755 770 512 916 803 546 695 629 538 987 860 595 250 673
62 696 386 170 892 678 802 842 759 489 459 320 84 123 601 23 713 828 123 730 21 501 384 859 854 309 283 883 811 114 968 185 639 574 802 666 916 104 564 892 352 155 992 497 639 279 997 924 114 236 633 344 450 906 444 266 529 674 333 222 991 162 276 758 397 122 134 819 447 31 462 351 869 294 443 807 777 310 907 965 371 592 147 399 534 837 529 639 203 801 172 652 88 1 666 200 314 176 634 996
470 719 785 161 644 424 496 408 762 200 416 464 132 174 397 94 951 990 213 561 932 855 24 141 217 798 448 994 545 963 695 627 607 525 922 47 246 30 698 1 354 888 484 28 426 338 892 525 743 481 386 112 129 446 325 724 965 760 940 207 513 125 645 503 282 634 44 162 649 985 494 762 743 868 604 233 204 425 389 963 9 479 633 623 734 302 697 475 850 724 996 994 459 852 979 860 22 650 115 994
779 967 807 858 833 727 327 411 330 421 988 144 263 577 919 44 457 303 180 451 535 546 929 938 474 52 269 479 821 892 411 709 964 691 696 636 37 255 164 302 619 752 385 809 19 633 973 116 116 760 179 909 489 608 361 73 433 593 92 695 139 876 82 837 489 932 782 358 873 450 716 673 830 825 92 244 485 20 170 254 81 744 338 553 591 457 32 229 243 760 666 251 911 821 505 515 775 804 515 563
370 889 30 541 646 427 322 32 187 954 95 664 539 953 303 32 974 983 270 393 248 766 263 24 447 261 941 937 131 196 969 200 880 760 995 878 467 23 308 294 151 576 845 105 335 652 514 948 814 980 288 353 15 739 293 180 527 191 548 711 637 333 217 119 407 397 188 304 426 971 256 822 380 237 589 280 119 433 337 882 520 95 998 583 827 534 39 723 767 345 258 446 747 588 624 293 960 587 834 205
584 136 8 894 389 942 609 31 669 591 429 300 634 426 239 752 877 460 493 785 975 141 181 832 4 486 588 187 649 711 63 379 47 60 271 678 235 617 744 383 140 879 722 382 834 871 650 767 742 90 619 703 474 590 827 724 162 659 828 993 854 981 477 467 35 455 531 639 764 646 28 767 789 275 532 116 418 406 107 197 407 31 956 515 804 95 359 116 510 846 109 815 971 590 398 778 788 485 370 680
922 847 309 168 216 383 365 82 504 298 73 875 286 271 388 120 186 833 146 87 600 2 525 999 819 530 286 342 990 212 757 106 960 297 283 732 654 951 680 28 611 644 96 947 802 717 626 147 531 18 853 521 842 698 376 392 755 919 775 246 430 357 335 249 966 576 890 578 630 478 935 467 325 200 429 202 957 848 682 638 551 187 405 18 106 966 423 916 886 481 14 206 128 529 395 569 667 156 947 319
730 200 721 952 488 393 26 157 13 802 337 9 339 348 536 731 417 651 449 258 588 803 774 16 669 943 49 732 328 212 22 430 285 929 794 142 412 518 618 244 634 342 416 580 744 153 279 389 985 478 582 284 577 284 72 413 822 269 83 360 860 237 446 934 336 231 237 37 496 367 431 295 193 377 611 827 33 1000 443 140 864 592 768 214 102 148 881 788 690 339 649 792 982 609 426 805 502 240 704 349
714 126 760 67 516 708 971 948 474 630 623 946 673 44 335 443 755 863 555 724 622 382 429 322 970 459 383 142 718 792 561 235 137 524 648 717 14 979 257 473 878 7 688 968 228 43 486 462 45 491 507 726 597 18 714 922 150 695 311 628 569 812 649 291 630 964 968 946 14 485 331 872 399 303 77 734 972 669 172 727 541 407 480 754 888 9 981 607 585 704 397 647 881 673 727 787 869 988 295 424
562 445 131 565 388 24 525 542 241 377 562 548 690 327 134 537 553 540 153 596 693 461 305 917 650 808 758 684 286 808 384 104 95 810 889 365 819 423 235 446 380 977 787 124 283 486 589 132 240 452 738 203 581 930 111 766 933 175 998 481 569 633 707 92 309 371 353 119 707 108 204 278 97 615 552 366 13 112 601 744 40 410 287 245 236 538 824 158 686 822 486 188 180 844 93 657 203 7 451 888
344 36 615 652 95 3 414 507 917 408 280 126 886 907 249 421 646 850 865 937 565 611 548 511 132 696 996 8 114 236 793 347 508 438 728 802 839 124 381 135 764 379 333 979 320 479 745 869 809 272 493 12 167 718 930 207 467 11 86 875 711 796 460 524 788 40 990 608 438 624 297 107 736 72 882 754 543 927 565 633 890 97 596 495 362 256 189 283 404 535 443 542 214 568 197 930 183 515 723 203
588 879 536 788 350 577 667 601 562 559 94 728 446 51 400 79 66 342 100 648 502 196 613 648 604 586 113 130 441 360 721 204 833 65 177 256 719 500 891 429 937 992 620 975 920 123 941 983 869 897 244 542 740 974 680 536 475 454 482 628 970 414 133 906 552 814 988 337 713 11 486 122 315 703 108 660 703 388 353 84 58 535 936 895 929 570 836 2 486 528 836 484 12 97 750 893 632 527 813 19
602 35 241 302 207 695 795 287 739 593 72 525 918 706 593 986 147 45 416 626 273 273 196 292 934 187 42 670 732 839 575 254 482 414 77 471 916 482 319 411 877 924 367 932 342 833 927 437 41 89 31 518 779 689 263 697 976 928 487 787 292 756 942 694 249 521 298 354 85 534 384 101 397 982 233 46 474 783 395 707 243 197 258 42 687 358 277 149 650 214 104 908 61 426 46 679 193 312 298 55
287 714 572 31 43 303 178 237 162 613 659 202 761 424 441 746 872 249 825 526 441 509 267 98 848 644 44 614 825 570 325 172 487 442 91 109 545 255 455 151 303 998 139 65 133 551 558 190 587 736 402 43 560 121 20 741 360 339 640 266 600 119 380 908 128 73 584 687 212 759 351 749 6 129 61 550 560 50 243 416 368 792 334 19 294 113 949 420 356 276 311 389 530 83 88 465 817 771 161 369
873 407 705 419 804 788 746 870 974 865 899 925 56 340 525 89 635 891 482 579 571 472 406 865 372 969 409 260 422 784 376 959 835 162 289 273 330 74 192 575 128 413 660 313 735 442 641 54 804 245 952 909 161 195 507 144 596 593 769 928 545 67 933 630 887 757 723 408 199 514 807 704 393 967 719 742 53 274 378 315 696 306 499 135 780 646 53 815 248 960 322 247 113 856 693 130 535 831 406 347
152 246 565 223 884 948 403 227 825 373 633 296 578 573 676 944 172 562 443 535 763 800 774 623 26 874 657 564 545 534 241 138 898 482 733 450 590 712 374 839 165 342 302 66 1000 576 225 458 768 301 470 360 304 470 849 220 942 316 246 258 165 265 328 4 955 740 771 872 88 188 975 99 977 561 868 604 535 81 521 905 395 540 834 683 748 427 673 580 154 182 349 684 852 753 167 294 287 806 312 656
404 94 893 64 549 414 681 249 547 486 150 638 388 713 926 853 752 433 584 59 828 620 544 451 176 315 443 955 864 762 620 677 786 534 754 256 102 599 436 416 376 288 470 263 241 592 661 83 329 683 924 266 243 35 36 868 279 300 550 313 944 976 917 224 770 45 596 646 507 46 527 972 483 480 82 32 367 883 391 100 664 2 769 156 235 234 643 168 350 213 801 715 430 394 705 648 388 424 501 363
704 26 839 677 228 435 175 153 578 449 520 336 299 28 694 817 999 293 708 933 1 494 219 675 446 131 874 65 262 132 744 721 930 318 13 218 652 127 422 514 629 976 161 528 398 1 311 946 512 309 327 783 618 635 794 372 974 290 513 294 291 810 492 488 581 172 712 142 735 920 558 618 625 782 334 764 884 909 516 926 346 454 744 393 45 733 106 54 716 387 486 683 431 956 579 60 851 899 222 52
467 65 677 887 382 994 712 470 875 874 9 344 490 90 519 620 817 523 788 788 959 455 976 323 803 519 568 56 869 855 609 445 564 575 189 866 901 126 578 853 311 420 444 401 381 671 826 718 382 778 346 663 437 909 700 274 648 836 755 1000 737 357 433 667 169 414 426 686 422 142 975 798 567 265 639 992 280 892 127 634 735 398 841 222 579 257 877 954 640 350 708 361 147 340 394 4 276 994 878 918
995 691 46 22 354 449 253 582 858 122 789 508 108 428 578 337 579 420 882 125 333 599 923 754 215 672 776 330 823 928 903 744 229 418 196 949 205 228 245 118 929 505 880 716 699 694 260 643 856 493 679 481 874 762 261 202 89 540 711 248 723 151 277 889 782 70 113 575 802 774 934 874 136 598 317 654 607 920 903 5 878 104 918 91 847 696 551 309 410 308 515 153 655 745 963 1000 382 455 982 705
228 918 27 231 549 348 222 77 135 384 387 92 865 100 245 825 723 950 887 448 521 390 856 314 419 355 14 673 40 47 482 478 296 930 340 651 390 831 962 354 881 542 191 505 695 442 133 701 825 933 297 302 649 545 148 76 762 510 883 614 297 907 694 786 540 214 573 944 573 682 565 290 835 985 925 979 752 231 942 867 29 254 433 668 851 920 230 5 383 603 55 125 383 513 327 311 200 422 21 291
291 567 217 638 748 387 622 246 922 776 305 925 384 512 787 695 245 545 928 851 664 439 251 379 456 937 339 82 481 909 755 58 397 48 690 890 59 910 192 346 498 480 803 798 941 864 894 380 123 978 28 552 445 857 471 144 272 805 629 167 133 308 491 56 832 972 441 758 477 516 9 375 466 593 894 317 641 474 402 432 676 901 522 227 855 954 426 19 189 979 289 98 41 906 518 651 869 88 602 8
362 646 90 107 168 557 234 556 949 346 579 933 85 724 801 464 454 284 955 421 56 110 378 776 514 929 903 451 731 109 317 810 203 145 835 84 217 123 669 429 54 19 622 556 421 264 363 986 180 880 471 730 380 337 331 71 382 790 942 586 200 807 443 808 628 401 456 524 476 793 399 561 243 31 679 154 470 876 62 169 270 121 922 918 811 752 935 221 706 798 297 796 936 665 221 384 555 553 139 124
43 998 49 629 13 877 929 704 221 156 956 181 585 659 374 899 329 26 296 129 738 416 857 140 225 919 317 742 529 367 613 192 680 682 813 963 144 335 946 166 716 662 693 548 645 832 762 387 289 430 379 975 717 314 677 231 501 573 828 908 164 428 386 73 447 923 408 836 941 671 123 304 494 853 578 369 35 533 509 638 318 867 803 714 40 344 667 738 152 83 773 738 774 241 327 486 623 302 874 941
696 711 421 575 589 837 766 116 539 84 626 474 822 36 143 964 670 104 296 108 843 286 357 763 122 406 284 142 117 372 857 888 194 888 823 463 609 919 980 942 856 984 896 307 468 930 767 730 159 497 67 141 524 56 745 340 352 780 743 301 931 374 938 262 522 473 90 828 839 890 80 273 650 677 328 776 632 62 22 725 750 542 434 69 992 378 483 216 260 996 313 531 413 590 930 670 822 509 632 681
120 815 689 536 328 544 971 327 31 391 389 805 329 906 800 541 74 486 502 943 589 548 433 877 399 362 458 513 413 585 714 889 9 526 79 968 326 449 677 211 434 927 835 138 915 343 868 661 570 473 999 17 780 358 603 253 870 335 608 11 675 181 18 949 406 933 658 980 815 354 585 686 887 443 856 795 756 999 748 180 188 802 263 509 941 412 20 793 473 95 389 4 872 932 773 606 30 623 26 914
705 935 315 824 520 883 611 495 262 188 602 875 557 35 870 136 889 124 985 481 862 386 260 527 964 49 272 814 910 602 254 195 377 625 686 719 278 498 79 677 936 472 2 645 996 661 401 791 17 932 994 451 363 934 425 107 19 666 431 865 908 110 467 928 276 340 440 74 441 908 516 341 902 945 101 499 564 499 216 256 789 698 251 153 675 803 713 916 364 380 253 249 318 585 26 570 185 40 352 301
311 197 190 882 618 38 980 167 66 543 578 172 120 619 655 382 214 107 344 845 112 822 872 68 503 863 50 82 581 935 692 324 254 170 401 916 352 704 141 463 805 678 133 280 195 967 295 889 109 824 8 257 298 279 510 920 976 508 604 105 890 275 688 169 829 396 551 1 547 766 678 850 504 229 817 853 504 386 715 966 55 207 768 488 700 948 25 129 426 233 711 916 130 842 607 439 151 928 244 609
619 449 964 839 138 757 241 967 63 59 551 844 73 806 293 4 507 647 132 554 141 595 509 642 100 385 417 677 45 412 115 292 129 185 40 872 881 645 919 962 650 906 536 315 591 286 969 145 185 480 449 390 718 249 223 685 866 881 309 208 537 935 132 68 88 661 376 704 897 68 811 547 920 39 78 418 406 557 506 114 834 955 458 223 383 778 805 751 405 759 931 651 570 700 886 59 823 282 765 996
151 235 13 432 285 131 33 402 989 299 68 904 894 341 2 738 737 52 527 567 137 744 749 842 437 317 420 111 565 899 522 621 454 879 172 912 835 582 918 91 495 412 552 458 922 581 100 155 427 764 85 672 219 654 94 606 665 369 384 8 506 107 96 500 601 444 885 880 240 264 571 806 421 614 80 412 375 412 312 38 795 408 319 504 492 618 65 884 441 274 220 575 711 819 641 913 128 211 46 455
